14 
.5e-1 20.00000000 12 .84696899753867698e-3 1.8682842639490546 .65857868025472709e-1 .10264650218436686e-46 .9966510570e-96 2.0000000000000001 -.09195190955 
.16222475081634743e-2 
-.7752785105e-3 0.001474
.5e-1 49.99999999 12 .84696506471755048e-3 1.8686153864539197 .65692305639407269e-1 .26160348286443357e-18 .9217232605e-36 2.0000000000000000 -.06545190955 
.16251342821077013e-2 
-.7781692173e-3 0.000919
.5e-1 80.00000000 12 .84703686310461863e-3 1.8625799699672037 .68709662911271313e-1 .34174609212775523e-11 .8590100959e-21 1.9999999999999875 -.04095190955 
.16303874318321443e-2 
-.7833505689e-3 0.000393
.5e-1 110.0000000 12 .84699270136588744e-3 1.8664009449733190 .66795197963718218e-1 .56178557676986758e-8 .5758230921e-14 1.9999999987009556 -.01695190955 
.16376704033215910e-2 
-.7906777016e-3 0.0
.5e-1 140.0000000 12 .84700729308779839e-3 1.8655915912484089 .67184801285884047e-1 .46788764602128834e-6 .4469883915e-10 1.9999989752422684 .00604809044999998 
.16466324409069350e-2 
-.7996251479e-3 0.0
.5e-1 170.0000000 12 .84704156311026888e-3 1.8655197071637922 .67181345488174016e-1 .13586537090896528e-4 .1474771504e-7 1.9999195754365278 .02854809045 
.16570217213716294e-2 
-.8099801579e-3 0.0
.5e-1 200.0000000 12 .84753448085394127e-3 1.8649157269920166 .67316088460701856e-1 .22035626279654042e-3 .8516889314e-6 1.9982412504540806 .05054809045 
.16686717137545695e-2 
-.8211372331e-3 0.0
.5e-1 230.0000000 12 .85187364452430746e-3 1.8652617460033342 .66130770406486913e-1 .20127604038279828e-2 .1740048307e-4 1.9825526540549455 .07254809045 
.16814708371253840e-2 
-.8295971925e-3 0.0
.5e-1 260.0000000 12 .87477621287501915e-3 1.8540474875460697 .66771737215314132e-1 .11474870362565660e-1 .1719469162e-3 1.9002445877660370 .09354809045 
.16953410915204867e-2 
-.8205648791e-3 0.0
.5e-1 290.0000000 12 .94901727952004082e-3 1.8190172797611426 .66866550549507872e-1 .45491796998574491e-1 .1048453688e-2 1.6411510184857215 .11404809045 
.17102251948365097e-2 
-.7612079155e-3 0.0
.5e-1 320.0000000 12 .10970472818112478e-2 1.7248689709603936 .68655410278174792e-1 .13461281723506421 .4271414812e-2 1.1750048298361297 .13254809045 
.17260789053168074e-2 
-.629031623e-3 0.0
.5e-1 350.0000000 12 .12907435317086540e-2 1.5396890681965913 .72939119422590468e-1 .30870231509188577 .1224879468e-1 .70033491173611627 .14754809045 
.17428661891192321e-2 
-.452122657e-3 0.0
.5e-1 380.0000000 12 .14910402428267598e-2 1.2650523247247663 .81539684725678554e-1 .56152558956192013 .2525794435e-1 .38286078955505195 .15704809045 
.17605559127144360e-2 
-.269515670e-3 0.0
.5e-1 410.0000001 13 .16705581380511301e-2 1.2557647431639625 .25511059450895772e-1 .68974772736373135 .2970566286 .28480938384756283 .203430678805289 
.17791193949442033e-2 
-.108561257e-3 0.0
10 
.10 20.00000000 9 .66540489586200801e-3 2.0000000000000000 .60764622570503499e-73 .77078075118863797e-56 .1729044440 2.0000000000000000 .387710906076923 
.17563661823627663e-2 
-.1090961286e-2 0.002903
.10 49.99999999 9 .66668343336200806e-3 1.9999999999999999 .25381147925644417e-28 .20767453877576021e-19 .1730821648 1.9999999999999999 .387210906076923 
.17588508338892187e-2 
-.1092167401e-2 0.002099
.10 80.00000000 9 .66837158114588070e-3 1.9999999999745110 .36252490063508932e-17 .25488988755415950e-10 .1734296928 1.9999999996349577 .385710906076923 
.17634792584066192e-2 
-.1095107677e-2 0.001343
.10 110.0000000 9 .66762170982834586e-3 1.9999996638867065 .42608184602437411e-12 .33611286733039628e-6 .1717241751 1.9999971233623461 .383210906076923 
.17702482162533920e-2 
-.1102626506e-2 0.000616
.10 140.0000000 9 .67558827891655636e-3 1.9999253068044777 .33698801630397249e-9 .74692857591395118e-4 .1769645605 1.9995028293995436 .380710906076923 
.17790850860578514e-2 
-.1103496807e-2 0.0
.10 170.0000000 9 .68366199404995978e-3 1.9975686771554859 .25644038187149517e-7 .24312966882421724e-2 .1767001246 1.9857563091505274 .377210906076923 
.17898483579134287e-2 
-.1106186364e-2 0.0
.10 200.0000000 9 .75254278394371941e-3 1.9727457865448476 .55062463520070499e-6 .27253621124565060e-1 .1759718441 1.8562346560142369 .373210906076923 
.18023676877992513e-2 
-.1049824904e-2 0.0
.10 230.0000000 9 .10379590915066362e-2 1.8474232971607021 .54658779741638253e-5 .15257021038439715 .1744851833 1.3702246091225327 .368710906076923 
.18164765504583063e-2 
-.778517458e-3 0.0
.10 260.0000000 10 .15623451637516846e-2 1.8600797768476216 .13118634991774546e-4 .13990358059063602 .6865140544 1.3470637558513549 .3674984945 
.18320275810336909e-2 
-.269682417e-3 0.0
.10 290.0000000 11 .18945322721269036e-2 1.8700114238545503 .29713276921890960e-4 .12994337479226684 1.245436972 1.3002846145491911 .349282524859135 
.18488963721373939e-2 
.45635900e-4 0.0
7 
.15 20.00000000 7 .34646200281604033e-3 1.9452877770336301 .27356111483184934e-1 .67936783088819775e-20 .2478732261e-102 1.9999999999999999 .0684431115 
.19901110668866608e-2 
-.1643649064e-2 0.004701
.15 49.99999999 7 .34637204368241243e-3 1.9448509395318344 .27572017858929637e-1 .50247502972330636e-5 .1801556436e-38 1.9999275144573921 .0979431115 
.19923127438476433e-2 
-.1645940700e-2 0.003461
.15 80.00000000 7 .49140455089271312e-3 1.9232062035913215 .26672252269637118e-1 .23449290008832746e-1 .1700808366e-22 1.7876685974862615 .1259431115 
.19964103117805835e-2 
-.1505005761e-2 0.002201
.15 110.0000000 8 .13021726816265091e-2 1.9999245914492042 .40350878605319348e-11 .75408546760817629e-4 .5748717870 1.9994553683808298 .4649864645 
.20024189211276134e-2 
-.700246239e-3 0.000929
.15 140.0000000 8 .13308833717402856e-2 1.9945740246607343 .19354731666971914e-8 .54259734037776002e-2 .5774083581 1.9675290190051180 .4649864645 
.20103512177731849e-2 
-.679467846e-3 0.000044
.15 170.0000000 8 .15734912428006769e-2 1.9181344173784715 .10118101170892398e-6 .81865481427182670e-1 .5760812977 1.6142205975511405 .4644864645 
.20201982067732126e-2 
-.446706964e-3 0.0
.15 200.0000000 9 .21713854960619611e-2 1.9727458677245717 .50951413157804170e-6 .27253622205968792e-1 1.263491200 1.8562346560142369 .447710906076923 
.20319176841502137e-2 
.139467812e-3 0.0
4 
.20 20.00000000 6.65 .15402335796036425e-2 1.9999999996651554 .20082824155604869e-56 .33484473901469333e-9 .3747711149 1.9999999846452197 .531394049395499 
.23311467017490242e-2 
-.790913122e-3 0.005388
.20 49.99999999 7 .19827672008160627e-2 1.9999948327790022 .48009876910666613e-23 .51672209978360645e-5 .6310433640 1.9999275144573921 .5364431115 
.23331424455768462e-2 
-.350375245e-3 0.003651
.20 80.00000000 7 .21274359395094096e-2 1.9759081273006253 .65885640893613932e-14 .24091872699368094e-1 .6307852550 1.7876685974862615 .5364431115 
.23368538271693445e-2 
-.209417887e-3 0.002412
.20 110.0000000 8 .29828400601421342e-2 1.9999245914492040 .40350874747705630e-11 .75408546760817624e-4 1.438911738 1.9994553683808298 .5314864645 
.23422901640758534e-2 
.640549896e-3 0.000929
1 
.25 20.00000000 6.65 .34434080490479298e-2 1.9999999996651553 .20082824155604869e-56 .33484473901469333e-9 .9668176102 1.9999999846452197 .6063940493955 
.27866574618943024e-2 
.656750587e-3 0.005388
1 
.30 20.00000000 6.65 .56156699417496089e-2 1.9999999996651554 .20082824155604870e-56 .33484473901469333e-9 1.562195369 1.9999999846452197 .6848940493955 
.29126584274844968e-2 
.2703011515e-2 0.005388
